5.387794293975356595e+03 7.220275630626430408e-01 1.922082906448139075e-03 3.257859466572223806e-01
8.347758118543293676e+03 5.744630519159377169e-01 2.148352219739329671e-04 1.654713882355445254e-01
7.980283719632781867e+03 5.707051696595235590e-01 1.132275048747913933e-04 1.522213484251067617e-01
7.291605218499516013e+03 6.729207820017982788e-01 3.997894588502056649e-04 2.173486353851741548e-01
6.042604646612275246e+03 7.204227138332937042e-01 5.651421827863402402e-04 2.512267834972264913e-01
5.919789807297535845e+03 7.315426608963689903e-01 3.943455193602735847e-04 2.398327274826417832e-01
7.920007065172915645e+03 6.289127615317939846e-01 2.490686501151085242e-04 1.962937691590819211e-01
8.599179059002904978e+03 5.848542515585894996e-01 1.996841942213787744e-04 1.759204998651370810e-01
3.323844111737136700e+03 8.291537445390712024e-01 4.208953483862189768e-04 2.860862089955531484e-01
5.594886191079067430e+03 7.260189099220947240e-01 2.646106925680447182e-04 2.217596173293132633e-01
6.181800838842894336e+03 7.097246291182873756e-01 3.797075184389609392e-04 2.267546811586877986e-01
4.011176100413283166e+03 7.993626213237937650e-01 9.681337131107017099e-04 3.166086716090557029e-01
6.239801321479314538e+03 6.563494097919048142e-01 1.509417671178399302e-04 1.805421026141023899e-01
6.425168635449640533e+03 6.166812599021783692e-01 1.074937965669360378e-04 1.607629401587367113e-01
5.212412397588897875e+03 6.931706619465873853e-01 1.780402233216968246e-04 1.896768407828458847e-01
3.326975935946874415e+03 8.091143266618735508e-01 5.580674299982657082e-04 2.850163226439521025e-01
7.888346300973606049e+03 5.909380506531284327e-01 1.498824637952315486e-04 1.695708593073343151e-01
7.175555518715883409e+03 6.608891407200863100e-01 2.698611021122938099e-04 1.998983461711667242e-01
6.945883255914529400e+03 6.807585124662359766e-01 3.845600286428493136e-04 2.263243271588854799e-01
7.614473358700377503e+03 6.242658104356491044e-01 2.068890290869397294e-04 1.806539351366543977e-01
5.898313577486138456e+03 7.190289341701853187e-01 5.332287218561199745e-04 2.508850119324493311e-01
5.070006145877433482e+03 6.940765750935893319e-01 1.525802340117985790e-04 1.818984289041346292e-01
8.449080968575546649e+03 5.858324166515188614e-01 1.764465795299810492e-04 1.715728741885107211e-01
8.183137527954967481e+03 5.849600789539660672e-01 1.584047312006269393e-04 1.650324749052966833e-01
7.677860219885017614e+03 6.325632322888823378e-01 2.270936933050281498e-04 1.868048154761541013e-01
5.226650134166918178e+03 7.322554637439359082e-01 2.134855810005226423e-04 2.119736309618904246e-01
8.631269842943636831e+03 6.020475104755231843e-01 2.575166838596053428e-04 1.852727351708342018e-01
8.480557088669736913e+03 6.030369453862514106e-01 2.199729429979647901e-04 1.796057170629813127e-01
7.210703222331478173e+03 6.340145853607673798e-01 1.959195742942981442e-04 1.809486207994382978e-01
7.951729041614326889e+03 6.138460524527771245e-01 2.405971524570190692e-04 1.781662153437612861e-01
8.116956380425202951e+03 6.131990949131168600e-01 2.257570349636232919e-04 1.780176106079657261e-01
6.653414037862266014e+03 6.784309089863036490e-01 3.938264578126650091e-04 2.163162305602191748e-01
8.034598952980217291e+03 6.186042185037042840e-01 2.878339935583834413e-04 1.853070673274189450e-01
7.191176625778023663e+03 6.482783597840451328e-01 3.576502337184347350e-04 2.038512907652616224e-01
3.772864069880778516e+03 8.022003362797666126e-01 8.626676388717756990e-04 3.053918330854872853e-01
5.838957302150123724e+03 6.717782140389390033e-01 4.374315084704758004e-04 2.210540373362765709e-01
8.558431212498331661e+03 5.952821195969187906e-01 2.179521035271102139e-04 1.698806876819982103e-01
7.467024721089054765e+03 6.159452229914250676e-01 2.373002802914130397e-04 1.797109906662243961e-01
8.699746671887702178e+03 5.642919223167134346e-01 1.622772953031650098e-04 1.550988192948567213e-01
6.141308952027823580e+03 6.880778369981237486e-01 4.325720378885621791e-04 2.219733291324522684e-01
7.052118958046075022e+03 6.344610347527464000e-01 3.058689417551179466e-04 1.936568172591683346e-01
7.706758174556822269e+03 6.735318298010644078e-01 4.694325124360542974e-04 2.250416265031289775e-01
8.169675190479623780e+03 6.100564543453511623e-01 2.270885544439759382e-04 1.738354811515906984e-01
6.241925890242634523e+03 7.001605576868583647e-01 3.684804722248103846e-04 2.217933243266422272e-01
7.063569822307240429e+03 6.470615928302930753e-01 2.123087683926815419e-04 1.840332255856182153e-01
4.896336734776567027e+03 6.935126801366474636e-01 3.966527618787363653e-04 2.255172581386610808e-01
6.968156471082192184e+03 6.267546152273547611e-01 2.566188993317130651e-04 1.860722287526492824e-01
5.989107185317045150e+03 6.794570432810981275e-01 5.327284583704185519e-04 2.355631173976455439e-01
8.145067942693268378e+03 6.131405126256661564e-01 2.246618897065367929e-04 1.736091698683877305e-01
6.386052334083714413e+03 6.629661423734898307e-01 3.536146300720295773e-04 2.108280619625170216e-01
