7.104859572716705770e+03 6.431172333881526315e-01 1.667680376622402154e-04 1.835467573618358994e-01
7.139779533146258473e+03 6.152641365995147327e-01 1.366672235694792387e-04 1.663382780800287397e-01
7.281714400407705398e+03 5.454515915269579907e-01 6.876664871090793353e-05 1.403401449044285043e-01
7.042482985226229175e+03 5.983001930312644712e-01 9.859347479883693460e-05 1.566708962372078962e-01
6.350900868952154269e+03 6.165468276440874140e-01 1.000392490175665858e-04 1.637428697027030755e-01
6.950056620297745212e+03 5.977035630170699498e-01 9.537899693112457421e-05 1.556583487287871992e-01
7.219645219775256010e+03 5.786797363906581726e-01 9.394735582414659610e-05 1.559717818747398677e-01
6.902021613050450469e+03 5.418247896720137513e-01 6.478007082557997909e-05 1.406789566235519540e-01
6.989513966879365398e+03 5.599215084087094674e-01 7.221940306168237237e-05 1.434197896052630261e-01
6.521154403381132397e+03 6.149848097425620885e-01 1.013481427717475013e-04 1.636532843143588822e-01
6.528031818051837035e+03 5.672918961233126556e-01 6.996434280342226860e-05 1.472108089070476578e-01
6.546090015481776391e+03 5.853932793231051424e-01 7.715485971607976645e-05 1.518788475776522429e-01
6.303171513768604200e+03 6.276257850280761996e-01 1.018552120344306557e-04 1.680451310224072292e-01
6.999610198965405289e+03 6.572231045812211292e-01 2.001342950713658111e-04 1.964058646569504796e-01
6.481597880351142521e+03 6.112954192584422186e-01 8.708210454010906318e-05 1.538184671930251934e-01
6.743589262451691866e+03 5.920131670728288054e-01 1.068554817445345695e-04 1.585387842973766115e-01
7.319014050506113563e+03 6.273347835297492514e-01 1.655338063645251626e-04 1.819880306606808662e-01
6.606161177763435262e+03 6.491837576554910783e-01 1.500468122831287324e-04 1.859864644833518488e-01
4.239192335215247113e+03 7.740029382423935234e-01 2.695078865709823654e-04 2.508584149786003969e-01
5.500943118696190140e+03 7.005167217654968415e-01 1.732493491640379275e-04 2.094043624967738826e-01
6.572770401930085427e+03 6.472522140433978333e-01 1.413558327878104367e-04 1.825493829412626057e-01
4.863431969000171193e+03 7.388036824941416336e-01 2.174037513390670716e-04 2.276187163210972031e-01
5.718713781928684512e+03 7.071837472262266777e-01 2.168120568930000872e-04 2.148938633197450543e-01
4.934439459020441063e+03 7.397259820933743679e-01 2.380982472335385289e-04 2.272185364594659640e-01
4.611352596530879055e+03 7.479319861270827818e-01 1.928532344559028174e-04 2.230354923360442776e-01
5.203051312812940523e+03 7.059012550561206689e-01 1.731960800482181895e-04 2.076697965385327083e-01
6.102597804741229993e+03 5.723539159389180453e-01 7.720187615184761468e-05 1.597482993713707500e-01
6.402139932318217689e+03 6.024277304708398617e-01 8.531484259617988443e-05 1.594634768245841716e-01
6.655536071783788429e+03 5.162152564349831163e-01 6.168417995943294943e-05 1.422189134028211954e-01
6.776354744932244103e+03 5.912267015484650168e-01 9.112653874527981408e-05 1.564801311299633124e-01
5.245715333526757604e+03 6.824881762284933373e-01 1.302789846696929797e-04 2.000119084897193367e-01
5.969671530186805285e+03 6.333241850724102839e-01 9.521004661595713881e-05 1.615680187801981360e-01
6.334202000649697766e+03 6.367892492186068010e-01 1.153693432597278109e-04 1.720324650233475972e-01
6.905931153279372666e+03 5.593725770443706002e-01 7.273317135200181138e-05 1.491447009508211075e-01
5.511972835968581421e+03 7.009610293214078025e-01 1.691275094109307646e-04 2.042094561933121832e-01
6.278974983583499125e+03 6.469995855045045374e-01 1.223973398252653402e-04 1.740838446452319666e-01
5.999379569288490529e+03 6.571131025192775699e-01 1.386937577401923779e-04 1.913586643122136000e-01
5.122295871405602156e+03 7.166732937914569446e-01 1.777248158893025246e-04 2.114021958350651986e-01
6.808458933524576423e+03 6.199004078299485965e-01 1.333189659008327866e-04 1.684544238030514229e-01
7.513175615039977856e+03 5.387408384399692274e-01 7.269422828880447833e-05 1.428930770351113377e-01
7.247024268989285702e+03 6.282559633622676332e-01 1.433268128072368432e-04 1.736127765926803457e-01
7.172410543975861401e+03 6.483276904066151980e-01 1.824944920798545161e-04 1.796627515620884963e-01
5.272785961043647148e+03 7.362716907073514339e-01 2.314625268390788060e-04 2.218775734347467610e-01
5.878806309314647478e+03 6.503353533939090214e-01 1.137905170437758832e-04 1.765205793773761411e-01
5.708417323882003075e+03 6.788979008055866515e-01 1.464042586676780867e-04 1.957850719270265438e-01
6.235788579423619922e+03 6.352248687816562933e-01 1.250087207105070276e-04 1.760469503031529548e-01
5.985393934630507829e+03 6.129465834495875232e-01 9.065045170676009820e-05 1.693402459205285426e-01
6.033211147935221561e+03 6.498170680098166452e-01 1.328023344899676318e-04 1.878938323051991266e-01
5.948843668978740425e+03 6.342843335905801183e-01 1.145529028785265244e-04 1.871616104823806137e-01
7.208770170223243440e+03 6.448672640878501117e-01 1.764379472307213144e-04 1.835928202167945167e-01
