6.171866649131009581e+03 6.103048821832627313e-01 9.062640425670461831e-05 1.561278346102518422e-01
5.507680708351556859e+03 6.814952349803283793e-01 1.321080008258657460e-04 1.801287176757236930e-01
4.610991398363593362e+03 7.343837341490042636e-01 1.966465965158351546e-04 2.083456908476604974e-01
9.246845251839020420e+03 5.414188020443911897e-01 1.701425195771227254e-04 1.507495193202099126e-01
4.000213275707534194e+03 7.283626459827144961e-01 2.176487827280322107e-04 2.477938522905586693e-01
2.882821646559373221e+03 7.801461394647419834e-01 2.300748365644273569e-04 2.570959440689836728e-01
5.397918238641611424e+03 5.712238074483201311e-01 7.841390386196159094e-05 1.527470406569164108e-01
5.521010101871973347e+03 7.285003096611684104e-01 2.815047415531165675e-04 2.496352610644573811e-01
2.883928074350546922e+03 8.425427778728269423e-01 4.646136484551551373e-04 3.049451252581401040e-01
2.466273809681541024e+03 8.560013264810202305e-01 3.523406395402173654e-04 3.106549797234584576e-01
3.335472032079751443e+03 8.164465823704317726e-01 2.719445016574686957e-04 2.584738526965420502e-01
5.838298232517215183e+03 6.104984072054957522e-01 8.832008360349163727e-05 1.643547962250789807e-01
4.438737859654202111e+03 7.325640585330419619e-01 1.624955859379161288e-04 2.144534384324720266e-01
1.577187987485799567e+03 8.665972996410038487e-01 5.147813937472619714e-04 3.896622661386823783e-01
5.248453863764189009e+02 9.042109509064638617e-01 9.457867213859125948e-04 4.368363042573863431e-01
2.185810937741130147e+03 8.667517178163069991e-01 3.760795409056506486e-04 3.286671484517311725e-01
2.418902205572465391e+03 7.979756853068574740e-01 4.882098006526452852e-04 3.511917128542874078e-01
3.200605175361005422e+03 6.276853373856141616e-01 6.447597284001943931e-04 2.668916586421318238e-01
6.972871529596494838e+03 6.817553377734890674e-01 3.984425052652533473e-04 2.520884926031867757e-01
7.870024442578401249e+03 5.965755360640199179e-01 1.482681675944187954e-04 1.590131910171361240e-01
6.386145083630658519e+03 5.794352042666000013e-01 1.155652743782488358e-04 1.691487718819089658e-01
1.153152678564535563e+03 8.996345357688613209e-01 2.040912424362034423e-03 3.728545585590961609e-01
7.069445591689009234e+02 9.316702856675139754e-01 1.239033637272295759e-03 3.395562456053995981e-01
1.826851043948361621e+03 8.634710974916436355e-01 1.091088139850773797e-03 3.306336513282375766e-01
6.485532064738125882e+03 6.715763148712149411e-01 3.499461367466403378e-04 2.370998970728795674e-01
7.586487337815618957e+03 6.050777569420646707e-01 1.561210756223473377e-04 1.612232041106373415e-01
7.331045370953852398e+03 6.046907099927649742e-01 1.240340989463354444e-04 1.567900215551077947e-01
6.386600203767412495e+03 5.934631839327191294e-01 8.824564119964956174e-05 1.554995040538253159e-01
4.998806439716192472e+03 7.087525048799764305e-01 5.327145324923419911e-04 2.737469413636552940e-01
1.659395637951412027e+03 8.657603857632181210e-01 9.144134867424308540e-04 3.365807094428513446e-01
1.620052376940800968e+03 8.620743254224783048e-01 7.781108947375798592e-04 3.160517399991713550e-01
7.315607596975178240e+02 9.197825147478697616e-01 8.634586670556590807e-04 3.413325429308511350e-01
9.701081246221547190e+02 8.072745311105123944e-01 4.978791639951073243e-04 3.501004544648247396e-01
5.654757660574974580e+03 6.737892363934554485e-01 1.864441545514754239e-04 2.198096932040510820e-01
2.323806115837212019e+03 7.718155085609310628e-01 2.816799259127602119e-04 2.317489179643703601e-01
8.949088560520751344e+03 5.913059721997285800e-01 2.163382481899442920e-04 1.641166883942203059e-01
8.041783234853631257e+03 5.811359802866916668e-01 2.048130220901076351e-04 1.828947311108758689e-01
2.798927242075078539e+03 8.372910816863455841e-01 4.343186861837134718e-04 3.175978350366768233e-01
2.655635713200575083e+03 8.372995948394498233e-01 1.393281919088370634e-03 3.806336778001134791e-01
4.413320868824215722e+03 7.966774340424169765e-01 4.532580114827228159e-04 2.829629800106517323e-01
3.404460791782480555e+03 6.878721074346665354e-01 2.442254768541172148e-04 2.163876441981167076e-01
1.703131152010902042e+03 7.985915880504792508e-01 5.963159360385020648e-04 2.873331277252559879e-01
1.318365615054476621e+03 8.683418739692618793e-01 8.636347049148231873e-04 3.491402892006519321e-01
1.460259802063464122e+03 7.479624790835553982e-01 3.243733638330731318e-04 2.415659016298503659e-01
2.042568110434471237e+03 8.536192942497409231e-01 8.959893902122592364e-04 3.192051169775271813e-01
1.769881191791313540e+03 8.448500769799633936e-01 4.518488551923497982e-04 2.818712639361066752e-01
2.138510545800112595e+03 8.330010728220467175e-01 6.036251695461817765e-04 3.047747003522218168e-01
2.839213208174633110e+03 8.650344311205936387e-01 9.762157849424074087e-04 3.706815728280871691e-01
5.927508775072670687e+03 6.246913178675842504e-01 3.589760548929671249e-04 2.122484971640881957e-01
3.233009902552662425e+03 8.238344590766196740e-01 3.234269226139721760e-04 2.958848805122766268e-01
